Node,PageRank
18022,0.005739160643950649
18222,0.005525379012993304
16022,0.005572300209428275
18422,0.005418476582136397
16222,0.004996611850743185
18622,0.00585103529684391
16422,0.005046017025836376
18822,0.006709806325183978
16622,0.005355114421300983
19022,0.006365299246137942
16822,0.006030835397941925
19222,0.0035708661977976036
17022,0.006223595998095647
19422,0.004120172917538878
17222,0.0036037898362677205
19622,0.0048810219000733806
17422,0.004287186603850366
19822,0.00536976656705931
17622,0.004752673319295322
17822,0.005319812084831132
14022,0.005558241683421997
14222,0.005125389133066947
14422,0.005096851884652593
14622,0.005310913786989681
14822,0.005773480310568692
15022,0.005759526905099094
15222,0.004049876042492488
15422,0.004778642518958373
15622,0.004990915626294196
15822,0.005290511799466453
12022,0.006198030707450828
12222,0.005608511927705334
12422,0.005510383028334029
12622,0.005531425687657876
12822,0.005520294733067574
13022,0.005559313727227211
13222,0.004862558758980026
13422,0.005002572741333196
13622,0.004923032906839916
13822,0.005210785755065926
10022,0.005602385579421171
10222,0.005446457510005194
10422,0.0052079492377801635
10622,0.00503175167313499
10822,0.005647064246712191
11022,0.00533967387947105
11222,0.005066305200973728
11422,0.005001529406039437
11622,0.004770133780710896
11822,0.005154414487475267
8022,0.0029339354765475696
8222,0.002241814097222489
8422,0.0020843444800369526
8622,0.0018454339775634022
8822,0.0048085228706104596
9022,0.005378543068632058
9222,0.005064730422685788
9422,0.0049229574622646835
9622,0.004774424343446708
9822,0.005148406279890281
7422,0.004721397229514645
7622,0.004728628505002042
7822,0.0051173806824847705
7222,0.004850762991280944
5422,0.004445511471575202
5622,0.004547671239062238
5822,0.004999525882085227
7022,0.005424358393897792
5222,0.004472904827255146
3422,0.004602014328968238
3622,0.004716853838826418
3822,0.00527035094950527
5022,0.005224990531365697
3222,0.004715207216239587
1422,0.005081156455372354
1622,0.005330503860544869
1822,0.0055721530415293605
3022,0.005196526536404771
1222,0.005170815051125709
1022,0.005349957544975932
6022,0.00451635504168207
6222,0.004583395034730698
6422,0.004862968480354631
6622,0.004885802774460336
6822,0.005619801794075855
4022,0.004908490278468936
4222,0.004775701065810198
4422,0.005077849500005647
4622,0.005281665140767536
4822,0.0054433031813297846
2022,0.0049557690349098325
2222,0.004520272122316033
2422,0.0046650046283077725
2622,0.004975674629805899
2822,0.005103721905018816
22,0.005264666804191089
222,0.004973778934179776
2223,0.005103555054990806
422,0.005011498015548695
622,0.005240594856952925
822,0.0053458740151717836
2423,0.005313984228727438
2023,0.0059631925898746534
223,0.005872758223698623
4223,0.005721214121296043
2623,0.0053077210393376205
423,0.005607628846685422
4423,0.0057872219775269886
2823,0.005216090373151749
623,0.005535200725091938
4623,0.005721874771478587
3023,0.005130419878469094
823,0.00544118035466446
4823,0.005638314810679728
3223,0.004205596213683986
1023,0.0053023986440361845
5023,0.005078121094019345
3423,0.004097895763026036
1223,0.004959637955872607
5223,0.0032100952308384595
3623,0.004387856104994038
1423,0.004784938651566621
5423,0.0034525650039251283
3823,0.005040762837234039
1623,0.005100019206422214
5623,0.004111612502884388
1823,0.0053917420922668215
5823,0.004680777765403211
23,0.006239044377673833
4023,0.0059432640913158865
6223,0.005721145514728085
6423,0.005748570837641761
6623,0.005600246967771343
6823,0.006088692523364713
7023,0.006163196909368517
7223,0.005794981583230666
7423,0.005823067655970987
7623,0.0047877270464846775
7823,0.004749206676783926
6023,0.0058484006247408755
8223,0.003795277104248205
8423,0.0033503920963363536
8623,0.003293047676878581
8823,0.0052312805806436855
9023,0.005996262637539506
9223,0.006565267704368434
9423,0.006322539014250135
9623,0.0039312074867948535
9823,0.004349063258625915
8023,0.004755921421740117
10023,0.004706329947783844
10223,0.004211953903349725
10423,0.003971632526689798
10623,0.004180703236547761
10823,0.005194260949748847
11023,0.0056108311452539306
11223,0.00646878315056066
11423,0.006306613351210467
11623,0.003681315234662636
11823,0.004171400658565466
12823,0.004936131121844386
13023,0.00533530916222508
13223,0.00577469829771722
13423,0.005957661582656614
13623,0.00392011373941238
13823,0.004343587395142194
12623,0.00457773506498884
15223,0.003819904269147215
15423,0.004832888140105935
15623,0.0043866115106111336
15823,0.0046291947793861195
15023,0.004374779928720746
14823,0.004596010460341882
17823,0.005119081258289599
17623,0.004616286476160771
19823,0.005430281813996481
17423,0.004538319325514439
19623,0.0052209980133263445
17223,0.004148023171294973
19423,0.00490580308667442
19223,0.0047441192270900765
17023,0.0043859110576755424
12423,0.004487240958612436
14623,0.0046538021170557
12223,0.004551709634982989
14423,0.004602715342110548
16823,0.004690311621273242
16623,0.004754831278165079
14223,0.004652048683459031
16423,0.004707340273287488
12023,0.004957659450802871
14023,0.005013529243265078
16223,0.004744882170621467
16023,0.005291468873421213
18023,0.005543020727421174
18223,0.005307339843841804
18423,0.00508293762254718
18623,0.00514672424594976
18823,0.0051157833863124625
19023,0.00491538529011965
